1745484823031442
1745484823098130
1745484823164732
1745484823231353
1745484823298088
1745484823364703
1745484823431336
1745484823498208
1745484823564708
1745484823631327
1745484823698213
1745484823764702
1745484823831321
1745484823898208
1745484823964687
1745484824031431
1745484824098055
1745484824164685
1745484824231418
1745484824298049
1745484824364673
1745484824431418
1745484824498033
1745484824564664
1745484824631537
1745484824698033
1745484824764652
1745484824831570
1745484824898024
1745484824964773
1745484825031443
1745484825098013
1745484825164761
1745484825231390
1745484825298006
1745484825364760
1745484825431385
1745484825497993
1745484825564874
1745484825631368
1745484825697999
1745484825764866
1745484825831359
1745484825897985
1745484825964849
1745484826031394
1745484826098100
1745484826164726
1745484826231340
1745484826298189
1745484826364791
1745484826431456
1745484826498160
1745484826564708
1745484826631326
1745484826698203
1745484826764693
1745484826831320
1745484826898187
1745484826964688
1745484827031441
1745484827098064
1745484827164682
1745484827231466
1745484827298054
1745484827364674
1745484827431421
1745484827498045
1745484827564669
1745484827631560
1745484827698033
1745484827764664
1745484827831539
1745484827898033
1745484827964657
1745484828031539
1745484828098108
1745484828164863
1745484828231396
1745484828298022
1745484828364764
1745484828431385
1745484828497998
1745484828564883
1745484828631369
1745484828698001
1745484828764880
1745484828831374
1745484828897986
1745484828964867
1745484829031372
1745484829098116
1745484829164735
1745484829231359
1745484829298101
1745484829364729
1745484829431348
1745484829498109
1745484829564724
1745484829631347
1745484829698220
1745484829764719
1745484829831338
1745484829898221
1745484829964712
1745484830031454
1745484830098090
1745484830164705
1745484830231450
1745484830298086
1745484830364709
1745484830431443
1745484830498068
1745484830564702
1745484830631569
1745484830698057
1745484830764686
1745484830831555
1745484830898047
1745484830964675
1745484831031568
1745484831098131
1745484831164870
1745484831231416
1745484831298038
1745484831364792
1745484831431419
1745484831498031
1745484831564784
1745484831631397
1745484831698027
1745484831764979
1745484831831481
1745484831898100
1745484831964980
1745484832031408
1745484832098133
1745484832164763
1745484832231386
1745484832298133
1745484832364753
1745484832431381
1745484832498133
1745484832564746
1745484832631383
1745484832698258
1745484832764741
1745484832831374
1745484832898282
1745484832964734
1745484833031379
1745484833098325
1745484833164814
1745484833231488
1745484833298107
1745484833364729
1745484833431480
1745484833498104
1745484833564726
1745484833631593
1745484833698134
1745484833764714
1745484833831591
1745484833898095
1745484833964711
1745484834031593
1745484834098124
1745484834164826
1745484834231457
1745484834298091
1745484834364830
1745484834431444
1745484834498088
1745484834564809
1745484834631445
1745484834698110
1745484834764936
1745484834831440
1745484834898094
1745484834964932
1745484835031439
1745484835098179
1745484835164802
1745484835231431
1745484835298180
1745484835364803
1745484835431424
1745484835498205
1745484835564782
1745484835631413
1745484835698286
1745484835764793
1745484835831526
1745484835898287
1745484835964784
1745484836031419
1745484836098273
1745484836164767
1745484836231538
1745484836298152
1745484836364770
1745484836431516
1745484836498135
1745484836564763
1745484836631516
1745484836698125
1745484836764759
1745484836831634
1745484836898128
1745484836964753
1745484837031634
1745484837098137
1745484837164875
1745484837231503
1745484837298127
1745484837364877
1745484837431502
1745484837498107
1745484837564867
1745484837631498
1745484837698110
1745484837765067
1745484837831490
1745484837898134
1745484837964992
1745484838031488
1745484838098106
1745484838164981
1745484838231474
1745484838298225
1745484838364848
1745484838431474
1745484838498207
1745484838564836
1745484838631461
1745484838698345
1745484838764834
1745484838831468
1745484838898332
1745484838964837
1745484839031466
1745484839098332
1745484839164929
1745484839231573
1745484839298207
1745484839364819
1745484839431582
1745484839498197
1745484839564827
1745484839631564
1745484839698198
1745484839764821
1745484839831686
1745484839898192
1745484839964827
1745484840031703
1745484840098186
1745484840164930
1745484840231557
1745484840298183
1745484840364927
1745484840431551
1745484840498187
1745484840564933
1745484840631558
1745484840698169
1745484840765047
1745484840831544
1745484840898180
1745484840965048
1745484841031551
1745484841098167
1745484841165049
1745484841231563
1745484841298291
1745484841364911
1745484841431533
1745484841498283
1745484841564905
1745484841631528
1745484841698291
1745484841764898
1745484841831534
1745484841898395
1745484841964901
1745484842031542
1745484842098404
1745484842164899
1745484842231657
1745484842298262
1745484842364895
1745484842431648
1745484842498269
1745484842564882
1745484842631648
1745484842698259
1745484842764887
1745484842831752
1745484842898255
1745484842964876
1745484843031754
1745484843098254
1745484843164911
1745484843231742
1745484843298260
1745484843365048
1745484843431621
1745484843498309
1745484843565069
1745484843631608
1745484843698315
1745484843765119
1745484843831607
1745484843898232
1745484843965102
1745484844031610
1745484844098233
1745484844165099
1745484844231609
1745484844298355
1745484844364981
1745484844431603
1745484844498355
1745484844564973
1745484844631598
1745484844698340
1745484844764963
1745484844831590
1745484844898459
1745484844964963
1745484845031596
1745484845098467
1745484845164961
1745484845231705
1745484845298335
1745484845364972
1745484845431703
1745484845498343
1745484845564948
1745484845631706
1745484845698331
1745484845764948
1745484845831823
1745484845898332
1745484845964949
1745484846031831
1745484846098326
1745484846164950
1745484846231825
1745484846298323
1745484846365061
1745484846431689
1745484846498322
1745484846565060
1745484846631685
1745484846698318
1745484846765066
1745484846831685
1745484846898317
1745484846965171
1745484847031691
1745484847098321
1745484847165172
1745484847231686
1745484847298429
1745484847365054
1745484847431676
1745484847498432
1745484847565051
1745484847631673
1745484847698430
1745484847765135
1745484847831669
1745484847898548
1745484847965059
1745484848031676
1745484848098549
1745484848165043
1745484848231672
1745484848298538
1745484848365047
1745484848431797
1745484848498416
1745484848565051
1745484848631790
1745484848698423
1745484848765039
1745484848831789
1745484848898412
1745484848965033
1745484849031950
1745484849098405
1745484849165034
1745484849231956
1745484849298405
1745484849365150
1745484849431781
1745484849498406
1745484849565162
1745484849631813
1745484849698402
1745484849765150
1745484849831890
1745484849898477
1745484849965375
1745484850031860
1745484850098479
1745484850165378
1745484850231901
1745484850298625
1745484850365230
1745484850431892
1745484850498594
1745484850565143
1745484850631802
1745484850698517
1745484850765139
1745484850831802
1745484850898639
1745484850965134
1745484851031803
1745484851098643
1745484851165136
1745484851231798
1745484851298636
1745484851365134
1745484851431984
1745484851498511
1745484851565140
1745484851631894
1745484851698518
1745484851765135
1745484851831888
1745484851898526
1745484851965126
1745484852032016
1745484852098520
1745484852165144
1745484852232007
1745484852298499
1745484852365265
1745484852431878
1745484852498498
1745484852565260
1745484852631881
1745484852698508
1745484852765259
1745484852831869
1745484852898503
1745484852965385
1745484853031879
1745484853098500
1745484853165370
1745484853231864
1745484853298496
1745484853365381
1745484853431873
1745484853498619
1745484853565250
1745484853631859
1745484853698615
1745484853765236
1745484853831859
1745484853898613
1745484853965247
1745484854031863
1745484854098730
1745484854165242
1745484854231861
1745484854298738
1745484854365240
1745484854431988
1745484854498616
1745484854565240
1745484854631983
1745484854698603
1745484854765233
1745484854831980
1745484854898605
1745484854965227
1745484855032105
1745484855098618
1745484855165245
1745484855232104
1745484855298603
1745484855365238
1745484855432102
1745484855498610
1745484855565360
1745484855631974
1745484855698604
1745484855765352
1745484855831979
1745484855898601
1745484855965478
1745484856031985
1745484856098608
1745484856165476
1745484856231980
1745484856298603
1745484856365474
1745484856431980
1745484856498729
1745484856565344
1745484856631978
1745484856698721
1745484856765350
1745484856831980
1745484856898723
1745484856965348
1745484857031983
1745484857098885
1745484857165342
1745484857231975
1745484857298866
1745484857365339
1745484857432098
1745484857498721
1745484857565339
1745484857632101
1745484857698714
1745484857765336
1745484857832103
1745484857898720
1745484857965346
1745484858032238
1745484858098770
1745484858165339
1745484858232230
1745484858298711
1745484858365351
1745484858432241
1745484858498737
1745484858565478
1745484858632104
1745484858698755
1745484858765475
1745484858832105
1745484858898734
1745484858965474
1745484859032099
1745484859098724
1745484859165597
1745484859232103
1745484859298726
1745484859365604
1745484859432110
1745484859498923
1745484859565550
1745484859632102
1745484859698888
1745484859765481
1745484859832106
1745484859898884
1745484859965467
1745484860032115
1745484860098970
1745484860165469
1745484860232106
1745484860298980
1745484860365472
1745484860432097
1745484860498984
1745484860565461
1745484860632213
1745484860698842
1745484860765467
1745484860832238
1745484860898848
1745484860965480
1745484861032365
1745484861098849
1745484861165468
1745484861232348
1745484861298841
1745484861365467
1745484861432360
1745484861498850
1745484861565597
1745484861632231
1745484861698846
1745484861765603
1745484861832228
1745484861898844
1745484861965593
1745484862032235
1745484862098837
1745484862165712
1745484862232219
1745484862298848
1745484862365724
1745484862432239
1745484862498966
1745484862565598
1745484862632222
1745484862698971
1745484862765597
1745484862832221
1745484862898972
1745484862965606
1745484863032231
1745484863099107
1745484863165600
1745484863232232
1745484863299102
1745484863365596
1745484863432236
1745484863499092
1745484863565601
1745484863632363
1745484863698995
1745484863765598
1745484863832348
1745484863898973
1745484863965695
1745484864032380
1745484864098984
1745484864165590
1745484864232472
1745484864298990
1745484864365602
1745484864432479
1745484864498979
1745484864565741
1745484864632359
1745484864698980
1745484864765735
1745484864832351
1745484864898989
1745484864965733
1745484865032367
1745484865098978
1745484865165892
1745484865232363
1745484865299001
1745484865365857
1745484865432363
1745484865498980
1745484865565851
1745484865632355
1745484865699113
1745484865765741
1745484865832368
1745484865899123
1745484865965750
1745484866032376
1745484866099117
1745484866165778
1745484866232382
1745484866299249
1745484866365755
1745484866432373
1745484866499238
1745484866565744
1745484866632487
1745484866699112
1745484866765747
1745484866832487
1745484866899120
1745484866965753
1745484867032491
1745484867099128
1745484867165742
1745484867232617
1745484867299112
1745484867365774
1745484867432630
1745484867499118
1745484867565746
1745484867632617
1745484867699128
1745484867765865
1745484867832492
1745484867899120
1745484867965910
1745484868032517
1745484868099126
1745484868166015
1745484868232504
1745484868299149
1745484868366006
1745484868432509
1745484868499200
1745484868566007
1745484868632513
1745484868699260
1745484868765880
1745484868832505
1745484868899253
1745484868965889
1745484869032525
1745484869099337
1745484869165884
1745484869232512
1745484869299389
1745484869365884
1745484869432518
1745484869499392
1745484869565970
1745484869632636
1745484869699271
1745484869765877
1745484869832632
1745484869899265
1745484869965898
1745484870032648
1745484870099274
1745484870165884
1745484870232768
1745484870299265
1745484870365880
1745484870432772
1745484870499282
1745484870565896
1745484870632777
1745484870699282
1745484870766032
1745484870832652
1745484870899287
1745484870966017
1745484871032658
1745484871099277
1745484871166025
1745484871232658
1745484871299281
1745484871366148
1745484871432660
1745484871499292
1745484871566157
1745484871632657
1745484871699413
1745484871766034
1745484871832658
1745484871899408
1745484871966044
1745484872032668
1745484872099413
1745484872166038
1745484872232676
1745484872299544
1745484872366044
1745484872432664
1745484872499537
1745484872566045
1745484872632663
1745484872699543
1745484872766044
1745484872832796
1745484872899421
1745484872966053
1745484873032802
1745484873099432
1745484873166050
1745484873232923
1745484873299424
1745484873366061
1745484873432927
1745484873499436
1745484873566130
1745484873632946
1745484873699438
1745484873766184
1745484873832807
1745484873899432
1745484873966177
1745484874032832
1745484874099430
1745484874166191
1745484874232849
1745484874299440
1745484874366331
1745484874432831
1745484874499449
1745484874566319
1745484874632819
1745484874699572
1745484874766193
1745484874832854
1745484874899580
1745484874966199
1745484875032832
1745484875099577
1745484875166204
1745484875232863
1745484875299701
1745484875366207
1745484875432832
1745484875499699
1745484875566207
1745484875632861
1745484875699718
1745484875766209
1745484875832956
1745484875899582
1745484875966209
1745484876033005
1745484876099588
1745484876166219
1745484876233007
1745484876299593
1745484876366230
1745484876433099
1745484876499601
1745484876566219
1745484876633096
1745484876699592
1745484876766344
1745484876832979
1745484876899598
1745484876966355
1745484877032983
1745484877099610
1745484877166363
1745484877232981
1745484877299600
1745484877366487
1745484877432997
1745484877499611
1745484877566489
1745484877632985
1745484877699617
1745484877766498
1745484877832990
1745484877899746
1745484877966376
1745484878032997
1745484878099745
1745484878166382
1745484878232991
1745484878299750
1745484878366370
1745484878432999
1745484878499884
1745484878566390
1745484878632999
1745484878699877
1745484878766384
1745484878833136
1745484878899768
1745484878966388
1745484879033141
1745484879099768
1745484879166408
1745484879233134
1745484879299761
1745484879366394
1745484879433256
1745484879499766
1745484879566408
1745484879633274
1745484879699773
1745484879766517
1745484879833153
1745484879899783
1745484879966522
1745484880033171
1745484880099768
1745484880166529
1745484880233163
1745484880299789
1745484880366657
1745484880433157
1745484880499785
1745484880566660
1745484880633166
1745484880699799
1745484880766669
1745484880833177
1745484880899910
1745484880966538
1745484881033178
1745484881099935
1745484881166564
1745484881233189
1745484881299931
1745484881366564
1745484881433177
1745484881500067
1745484881566571
1745484881633196
1745484881700066
1745484881766562
1745484881833314
1745484881899940
1745484881966566
1745484882033325
1745484882099980
1745484882166581
1745484882233329
1745484882299962
1745484882366588
1745484882433447
1745484882499997
1745484882566584
1745484882633458
1745484882699970
1745484882766600
1745484882833461
1745484882899961
1745484882966706
1745484883033343
1745484883099995
1745484883166722
1745484883233344
1745484883299972
1745484883366731
1745484883433346
1745484883499980
1745484883566850
1745484883633356
1745484883699991
1745484883766857
1745484883833355
1745484883900116
1745484883966741
1745484884033376
1745484884100116
1745484884166749
1745484884233374
1745484884300118
1745484884366742
1745484884433376
1745484884500251
1745484884566763
1745484884633385
1745484884700255
1745484884766745
1745484884833381
1745484884900255
1745484884966765
1745484885033519
1745484885100129
1745484885166757
1745484885233522
1745484885300127
1745484885366768
1745484885433654
1745484885500149
1745484885566766
1745484885633649
1745484885700145
1745484885766764
1745484885833650
1745484885900150
1745484885966904
1745484886033537
1745484886100152
1745484886166906
1745484886233527
1745484886300163
1745484886366908
1745484886433545
1745484886500157
1745484886567036
1745484886633536
1745484886700169
1745484886767051
1745484886833556
1745484886900296
1745484886966926
1745484887033560
1745484887100306
1745484887166942
1745484887233563
1745484887300319
1745484887366943
1745484887433646
1745484887500437
1745484887566961
1745484887633576
1745484887700440
1745484887766950
1745484887833585
1745484887900455
1745484887966952
1745484888033703
1745484888100334
1745484888166953
1745484888233702
1745484888300335
1745484888366962
1745484888433713
1745484888500339
1745484888566959
1745484888633843
1745484888700348
1745484888766963
1745484888833849
1745484888900347
1745484888967106
1745484889033726
1745484889100355
1745484889167097
1745484889233731
1745484889300359
1745484889367105
1745484889433737
1745484889500364
1745484889567281
1745484889633757
1745484889700372
1745484889767265
1745484889833750
1745484889900374
1745484889967293
1745484890033755
1745484890100509
1745484890167138
1745484890233768
1745484890300522
1745484890367191
1745484890433764
1745484890500513
1745484890567164
1745484890633767
1745484890700648
1745484890767160
1745484890833782
1745484890900643
1745484890967152
1745484891033923
1745484891100547
1745484891167158
1745484891233918
1745484891300538
1745484891367174
1745484891433922
1745484891500627
1745484891567257
1745484891634142
1745484891700661
1745484891767184
1745484891834050
1745484891900550
1745484891967190
1745484892034068
1745484892100565
1745484892167348
1745484892233934
1745484892300569
1745484892367337
1745484892433947
1745484892500650
1745484892567525
1745484892633953
1745484892700574
1745484892767449
1745484892833960
1745484892900592
1745484892967465
1745484893033960
1745484893100715
1745484893167345
1745484893233969
1745484893300808
1745484893367351
1745484893433972
1745484893500722
1745484893567348
1745484893633980
1745484893700859
1745484893767359
1745484893833983
1745484893900862
1745484893967363
1745484894034124
1745484894100748
1745484894167370
1745484894234121
1745484894300757
1745484894367435
1745484894434228
1745484894500832
1745484894567460
1745484894634346
1745484894700845
1745484894767388
1745484894834261
1745484894900763
1745484894967395
1745484895034269
1745484895100769
1745484895167519
1745484895234142
1745484895300788
1745484895367532
1745484895434168
1745484895500783
1745484895567531
1745484895634152
1745484895700806
1745484895767659
1745484895834166
1745484895900801
1745484895967668
1745484896034171
1745484896100925
1745484896167547
1745484896234175
1745484896300944
1745484896367560
1745484896434184
1745484896500940
1745484896567563
1745484896634190
1745484896701068
1745484896767566
1745484896834192
1745484896901067
1745484896967576
1745484897034216
1745484897101088
1745484897167584
1745484897234339
1745484897300967
1745484897367696
1745484897434353
1745484897500976
1745484897567593
1745484897634352
1745484897700988
1745484897767610
1745484897834489
1745484897900994
1745484897967612
1745484898034527
1745484898101003
1745484898167751
1745484898234416
1745484898301003
1745484898367744
1745484898434391
1745484898501002
1745484898567759
1745484898634381
1745484898701019
1745484898767892
1745484898834430
1745484898901022
1745484898967906
1745484899034434
1745484899101024
1745484899167902
1745484899234435
1745484899301148
1745484899367775
1745484899434405
1745484899501165
1745484899567779
1745484899634543
1745484899701381
1745484899767882
1745484899834513
1745484899901383
1745484899967803
1745484900034541
1745484900101407
1745484900167894
1745484900234566
1745484900301266
1745484900367914
1745484900434652
1745484900501279
1745484900567834
1745484900634653
1745484900701288
1745484900767963
1745484900834801
1745484900901217
1745484900967844
1745484901034723
1745484901101220
1745484901167968
1745484901234583
1745484901301223
1745484901367978
1745484901434593
1745484901501224
1745484901567985
1745484901634603
1745484901701232
1745484901768117
1745484901834640
1745484901901257
1745484901968134
1745484902034663
1745484902101261
1745484902168129
1745484902234637
1745484902301396
1745484902368007
1745484902434748
1745484902501397
1745484902568023
1745484902634649
1745484902701402
1745484902768044
1745484902834663
1745484902901539
1745484902968039
1745484903034789
1745484903101540
1745484903168044
1745484903234791
1745484903301433
1745484903368053
1745484903434806
1745484903501424
1745484903568068
1745484903634813
1745484903701447
1745484903768070
1745484903834932
1745484903901448
1745484903968078
1745484904034953
1745484904101457
1745484904168087
1745484904234960
1745484904301453
1745484904368217
1745484904434838
1745484904501459
1745484904568216
1745484904634852
1745484904701483
1745484904768345
1745484904834867
1745484904901481
1745484904968354
1745484905034864
1745484905101494
1745484905168370
1745484905234868
1745484905301622
1745484905368251
1745484905434878
1745484905501644
1745484905568361
1745484905634968
1745484905701732
1745484905768349
1745484905834986
1745484905901874
1745484905968268
1745484906034909
1745484906101822
1745484906168275
1745484906235023
1745484906301666
1745484906368281
1745484906435048
1745484906501665
1745484906568373
1745484906635054
1745484906701674
1745484906768313
1745484906835179
1745484906901728
1745484906968317
1745484907035204
1745484907101726
1745484907168319
1745484907235239
1745484907301736
1745484907368446
1745484907435080
1745484907501712
1745484907568472
1745484907635095
1745484907701755
1745484907768466
1745484907835109
1745484907901763
1745484907968598
1745484908035186
1745484908101826
1745484908168687
1745484908235215
1745484908301978
1745484908368493
1745484908435132
1745484908501871
1745484908568495
1745484908635135
1745484908701914
1745484908768499
1745484908835134
1745484908902013
1745484908968522
1745484909035145
1745484909102025
1745484909168524
1745484909235141
1745484909302038
1745484909368523
1745484909435287
1745484909501914
1745484909568533
1745484909635288
1745484909701915
1745484909768539
1745484909835296
1745484909901936
1745484909968560
1745484910035442
1745484910101928
1745484910168563
1745484910235432
1745484910301942
1745484910368697
1745484910435322
1745484910501948
1745484910568708
1745484910635336
1745484910701961
1745484910768713
1745484910835344
1745484910901980
1745484910968855
1745484911035356
1745484911101970
1745484911168845
1745484911235365
1745484911301984
1745484911368867
1745484911435376
1745484911502116
1745484911568743
1745484911635460
1745484911702217
1745484911768749
1745484911835382
1745484911902250
1745484911968771
1745484912035406
1745484912102268
1745484912168757
1745484912235390
1745484912302273
1745484912368775
1745484912435530
1745484912502162
1745484912568785
1745484912635547
1745484912702168
1745484912768800
1745484912835549
1745484912902176
1745484912968814
1745484913035691
1745484913102193
1745484913168811
1745484913235699
1745484913302196
1745484913368937
1745484913435575
1745484913502221
1745484913568959
1745484913635583
1745484913702216
1745484913768965
1745484913835583
1745484913902225
1745484913969093
1745484914035615
1745484914102234
1745484914169139
1745484914235605
1745484914302236
1745484914369120
1745484914435616
1745484914502370
1745484914569003
1745484914635634
1745484914702387
1745484914769049
1745484914835639
1745484914902391
1745484914969025
1745484915035660
1745484915102524
1745484915169027
1745484915235651
1745484915302528
1745484915369070
1745484915435780
1745484915502419
1745484915569047
1745484915635791
1745484915702422
1745484915769051
1745484915835806
1745484915902433
1745484915969055
1745484916035960
1745484916102436
1745484916169081
1745484916235947
1745484916302533
1745484916369081
1745484916435947
1745484916502459
1745484916569211
1745484916635835
1745484916702466
1745484916769218
1745484916835848
1745484916902487
1745484916969266
1745484917035876
1745484917102485
1745484917169534
1745484917235983
1745484917302501
1745484917369383
1745484917435876
1745484917502642
1745484917569252
1745484917635880
1745484917702633
1745484917769271
1745484917835897
1745484917902647
1745484917969278
1745484918035911
1745484918102782
1745484918169295
1745484918235912
1745484918302796
1745484918369299
1745484918435933
1745484918502809
1745484918569305
1745484918636052
1745484918702685
1745484918769303
1745484918836071
1745484918902697
1745484918969329
1745484919036210
1745484919102700
1745484919169332
1745484919236217
1745484919302717
1745484919369343
1745484919436229
1745484919502724
1745484919569477
1745484919636105
1745484919702737
1745484919769491
1745484919836115
1745484919902752
1745484919969512
1745484920036128
1745484920102761
1745484920169631
1745484920236139
1745484920302770
1745484920369656
1745484920436161
1745484920502891
1745484920569528
1745484920636175
1745484920702908
1745484920769532
1745484920836175
1745484920902907
1745484920969545
1745484921036180
1745484921103051
1745484921169554
1745484921236181
1745484921303055
1745484921369568
1745484921436193
1745484921503070
1745484921569575
1745484921636317
1745484921702943
1745484921769580
1745484921836326
1745484921902962
1745484921969588
1745484922036353
1745484922102980
1745484922169602
1745484922236483
1745484922302981
1745484922369621
1745484922436494
1745484922502996
1745484922569749
1745484922636373
1745484922702999
1745484922769754
1745484922836433
1745484922903010
1745484922969770
1745484923036441
1745484923103026
1745484923169899
1745484923236439
1745484923303037
1745484923369916
1745484923436454
1745484923503037
1745484923569923
1745484923636461
1745484923703187
1745484923769806
1745484923836466
1745484923903179
1745484923969810
1745484924036489
1745484924103192
1745484924169824
1745484924236485
1745484924303325
1745484924369834
1745484924436500
1745484924503335
1745484924569843
1745484924636585
1745484924703215
1745484924769841
1745484924836649
1745484924903245
1745484924969885
1745484925036632
1745484925103246
1745484925169876
1745484925236749
1745484925303257
1745484925369876
1745484925436759
1745484925503267
1745484925569891
1745484925636769
1745484925703282
1745484925770036
1745484925836650
1745484925903284
1745484925970043
1745484926036668
1745484926103299
1745484926170174
1745484926236675
1745484926303314
1745484926370186
1745484926436687
1745484926503392
1745484926570206
1745484926636775
1745484926703447
1745484926770096
1745484926836715
1745484926903456
1745484926970099
1745484927036730
1745484927103485
1745484927170124
1745484927236733
1745484927303611
1745484927370118
1745484927436736
1745484927503613
1745484927570130
1745484927636880
1745484927703505
1745484927770143
1745484927836880
1745484927903507
1745484927970143
1745484928036902
1745484928103603
1745484928170157
1745484928237032
1745484928303520
1745484928370164
1745484928437032
1745484928503532
1745484928570188
1745484928637049
1745484928703548
1745484928770298
1745484928836929
1745484928903564
1745484928970316
1745484929036956
1745484929103583
1745484929170322
1745484929236957
1745484929303589
1745484929370441
1745484929436977
1745484929503593
1745484929570469
1745484929636977
1745484929703736
1745484929770351
1745484929836977
1745484929903737
1745484929970366
1745484930036999
1745484930103751
1745484930170378
1745484930237002
1745484930303899
1745484930370400
1745484930437130
1745484930504054
1745484930570423
1745484930637039
1745484930703918
1745484930770427
1745484930837171
1745484930903838
1745484930970429
1745484931037191
1745484931103844
1745484931170431
1745484931237219
1745484931303818
1745484931370447
1745484931437330
1745484931503834
1745484931570458
1745484931637332
1745484931703846
1745484931770587
1745484931837225
1745484931903857
1745484931970628
1745484932037249
1745484932103926
1745484932170629
1745484932237243
1745484932303873
1745484932370750
1745484932437264
1745484932503903
1745484932570766
1745484932637268
1745484932703913
1745484932770775
1745484932837292
1745484932904034
1745484932970661
1745484933037389
1745484933104082
1745484933170671
1745484933237292
1745484933304175
1745484933370686
1745484933437305
1745484933504190
1745484933570697
1745484933637327
1745484933704197
1745484933770700
1745484933837458
1745484933904085
1745484933970714
1745484934037488
1745484934104106
1745484934170731
1745484934237500
1745484934304122
1745484934370736
1745484934437631
1745484934504114
1745484934570736
1745484934637622
1745484934704123
1745484934770873
1745484934837517
1745484934904142
1745484934970895
1745484935037522
1745484935104155
1745484935170903
1745484935237539
1745484935304162
1745484935371044
1745484935437550
1745484935504186
1745484935571050
1745484935637560
1745484935704187
1745484935771061
1745484935837586
1745484935904320
1745484935970947
1745484936037603
1745484936104327
1745484936170980
1745484936237599
1745484936304338
1745484936370970
1745484936437610
1745484936504604
1745484936570989
1745484936637624
1745484936704494
1745484936770992
1745484936837750
1745484936904379
1745484936971006
1745484937037776
1745484937104393
1745484937171030
1745484937237765
1745484937304392
1745484937371031
1745484937437911
1745484937504420
1745484937571042
1745484937637923
1745484937704420
1745484937771040
1745484937837933
1745484937904442
1745484937971200
1745484938037835
1745484938104449
1745484938171240
1745484938237829
1745484938304473
1745484938371224
1745484938437844
1745484938504487
1745484938571382
1745484938637862
1745484938704502
1745484938771367
1745484938837872
1745484938904627
1745484938971270
1745484939037885
1745484939104645
1745484939171322
1745484939237901
1745484939304649
1745484939371368
1745484939437903
1745484939504788
1745484939571322
1745484939637923
1745484939704794
1745484939771308
1745484939838050
1745484939904687
1745484939971440
1745484940038075
1745484940104687
1745484940171338
1745484940238075
1745484940304708
1745484940371341
1745484940438219
1745484940504717
1745484940571344
1745484940638230
1745484940704738
1745484940771398
1745484940838242
1745484940904737
1745484940971494
1745484941038125
1745484941104744
1745484941171506
1745484941238138
1745484941304765
1745484941371516
1745484941438159
1745484941504781
1745484941571655
1745484941638164
1745484941704777
1745484941771674
1745484941838182
1745484941904937
1745484941971560
1745484942038178
1745484942104941
1745484942171553
1745484942238179
1745484942304938
1745484942371562
1745484942438188
1745484942505083
1745484942571582
1745484942638213
1745484942705098
1745484942771592
1745484942838307
1745484942905225
1745484942971615
1745484943038371
1745484943104983
1745484943171626
1745484943238374
1745484943305010
1745484943371649
1745484943438391
1745484943505023
1745484943571631
1745484943638526
1745484943705052
1745484943771658
1745484943838543
1745484943905045
1745484943971795
1745484944038435
1745484944105056
1745484944171814
1745484944238612
1745484944305181
1745484944371901
1745484944438456
1745484944505123
1745484944571953
1745484944638464
1745484944705094
1745484944771961
1745484944838467
1745484944905108
1745484944971976
1745484945038486
1745484945105248
1745484945171880
1745484945238512
1745484945305254
1745484945371893
1745484945438511
1745484945505396
1745484945571895
1745484945638527
1745484945705403
1745484945771906
1745484945838542
1745484945905408
1745484945971916
1745484946038682
1745484946105307
1745484946171947
1745484946238693
1745484946305307
1745484946371957
1745484946438694
1745484946505330
1745484946571962
1745484946638835
1745484946705338
1745484946771969
1745484946838877
1745484946905350
1745484946972100
1745484947038775
1745484947105362
1745484947172116
1745484947238742
1745484947305390
1745484947372129
1745484947438791
1745484947505393
1745484947572265
1745484947638809
1745484947705407
1745484947772281
1745484947838794
1745484947905419
1745484947972290
1745484948038810
1745484948105551
1745484948172183
1745484948238814
1745484948305566
1745484948372275
1745484948438868
1745484948505581
1745484948572207
1745484948638837
1745484948705715
1745484948772214
1745484948838889
1745484948905727
1745484948972231
1745484949039030
1745484949105636
1745484949172248
1745484949239031
1745484949305637
1745484949372243
1745484949439009
1745484949505632
1745484949572264
1745484949639141
1745484949705652
1745484949772282
1745484949839160
1745484949905669
1745484949972288
1745484950039187
1745484950105681
1745484950172433
1745484950239054
1745484950305684
1745484950372450
1745484950439087
1745484950505703
1745484950572466
1745484950639088
1745484950705716
1745484950772601
1745484950839093
1745484950905735
1745484950972613
1745484951039110
1745484951105969
1745484951172584
1745484951239130
1745484951305876
1745484951372506
1745484951439141
1745484951505887
1745484951572524
1745484951639167
1745484951706030
1745484951772536
1745484951839159
1745484951906032
1745484951972554
1745484952039186
1745484952106059
1745484952172554
1745484952239315
1745484952305947
1745484952372581
1745484952439320
1745484952505950
1745484952572586
1745484952639454
1745484952705964
1745484952772599
1745484952839475
1745484952905980
1745484952972617
1745484953039496
1745484953105991
1745484953172759
1745484953239378
1745484953306004
1745484953372759
1745484953439395
1745484953506017
1745484953572775
1745484953639407
1745484953706033
1745484953772904
1745484953839413
1745484953906043
1745484953972930
1745484954039425
1745484954106181
1745484954172814
1745484954239447
1745484954306199
1745484954372843
1745484954439452
1745484954506219
1745484954572852
1745484954639537
1745484954706354
1745484954772843
1745484954839483
1745484954906403
1745484954972951
1745484955039502
1745484955106418
1745484955172882
1745484955239632
1745484955306265
1745484955372895
1745484955439657
1745484955506272
1745484955572905
1745484955639660
1745484955706295
1745484955772923
1745484955839798
1745484955906305
1745484955972942
1745484956039892
1745484956106320
1745484956173065
1745484956239699
1745484956306336
1745484956373086
1745484956439718
1745484956506354
1745484956573106
1745484956639722
1745484956706354
1745484956773233
1745484956839741
1745484956906409
1745484956973247
1745484957039765
1745484957106388
1745484957173262
1745484957239782
1745484957306533
1745484957373159
1745484957439782
1745484957506549
1745484957573178
1745484957639806
1745484957706675
1745484957773181
1745484957839810
1745484957906687
1745484957973194
1745484958039825
1745484958106701
1745484958173213
1745484958239963
1745484958306594
1745484958373215
1745484958439979
1745484958506600
1745484958573240
1745484958640000
1745484958706619
1745484958773252
1745484958840137
1745484958906633
1745484958973261
1745484959040152
1745484959106642
1745484959173400
1745484959240032
1745484959306657
1745484959373420
1745484959440120
1745484959506660
1745484959573436
1745484959640066
1745484959706692
1745484959773563
1745484959840088
1745484959906699
1745484959973590
1745484960040103
1745484960106710
1745484960173602
1745484960240100
1745484960306853
1745484960373486
1745484960440110
1745484960506863
1745484960573497
1745484960640122
1745484960706879
1745484960773510
1745484960840147
1745484960907013
1745484960973518
1745484961040168
1745484961107025
1745484961173529
1745484961240292
1745484961306920
1745484961373538
1745484961440303
1745484961506946
1745484961573560
1745484961640321
1745484961706954
1745484961773583
1745484961840449
1745484961906958
1745484961973590
1745484962040479
1745484962106979
1745484962173605
1745484962240485
1745484962306990
1745484962373747
1745484962440369
1745484962507000
1745484962573760
1745484962640380
1745484962707025
1745484962773770
1745484962840393
1745484962907030
1745484962973914
1745484963040425
1745484963107040
1745484963173967
1745484963240435
1745484963307187
1745484963373810
1745484963440451
1745484963507208
1745484963573835
1745484963640455
1745484963707227
1745484963773887
1745484963840479
1745484963907356
1745484963973872
1745484964040496
1745484964107363
1745484964173875
1745484964240506
1745484964307373
1745484964373890
1745484964440634
1745484964507273
1745484964573896
1745484964640654
1745484964707281
1745484964773958
1745484964840800
1745484964907296
1745484964973931
1745484965040803
1745484965107312
1745484965173948
1745484965240819
1745484965307321
1745484965374081
1745484965440706
1745484965507345
1745484965574094
1745484965640725
1745484965707435
1745484965774122
1745484965840743
1745484965907369
1745484965974256
1745484966040759
1745484966107386
1745484966174266
1745484966240769
1745484966307549
1745484966374147
1745484966440786
1745484966507547
1745484966574162
1745484966640799
1745484966707551
1745484966774168
1745484966840807
1745484966907699
1745484966974207
1745484967040835
1745484967107708
1745484967174217
1745484967240839
1745484967307735
1745484967374218
1745484967440977
1745484967507611
1745484967574241
1745484967640995
1745484967707621
1745484967774251
1745484967841005
1745484967907640
1745484967974264
1745484968041149
1745484968107657
1745484968174272
1745484968241166
1745484968307680
1745484968374419
1745484968441056
1745484968507672
1745484968574435
1745484968641057
1745484968707696
1745484968774445
1745484968841109
1745484968907704
1745484968974597
1745484969041123
1745484969107738
1745484969174606
1745484969241117
1745484969307750
1745484969374622
1745484969441151
1745484969507885
1745484969574513
1745484969641148
1745484969707901
1745484969774534
1745484969841175
1745484969907904
1745484969974549
1745484970041179
1745484970108055
1745484970174554
1745484970241184
1745484970308061
1745484970374661
1745484970441388
1745484970507950
1745484970574590
1745484970641337
1745484970707973
1745484970774606
1745484970841353
1745484970907980
1745484970974614
1745484971041542
1745484971107998
1745484971174630
1745484971241507
1745484971308012
1745484971374658
1745484971441558
1745484971508028
1745484971574780
1745484971641421
1745484971708036
1745484971774801
1745484971841470
1745484971908059
1745484971974941
1745484972041445
1745484972108087
1745484972174953
1745484972241454
1745484972308101
1745484972374959
1745484972441476
1745484972508233
1745484972574851
1745484972641489
1745484972708249
1745484972774869
1745484972841501
1745484972908253
1745484972974892
1745484973041538
1745484973108402
1745484973174901
1745484973241558
1745484973308406
1745484973374910
1745484973441706
1745484973508300
1745484973574930
1745484973641697
1745484973708320
1745484973774941
1745484973841703
1745484973908338
1745484973974966
1745484974041845
1745484974108340
1745484974174974
1745484974241853
1745484974308350
1745484974374996
1745484974441871
1745484974508375
1745484974575141
1745484974641765
1745484974708402
1745484974775153
1745484974841768
1745484974908398
1745484974975156
1745484975041791
1745484975108418
1745484975175299
1745484975241813
1745484975308429
1745484975375315
1745484975441821
1745484975508579
1745484975575196
1745484975641834
1745484975708593
1745484975775219
1745484975841853
1745484975908601
1745484975975247
1745484976041866
1745484976108747
1745484976175266
1745484976241870
1745484976308762
1745484976375271
1745484976441891
1745484976508772
1745484976575285
1745484976642031
1745484976708667
1745484976775299
1745484976842046
1745484976908683
1745484976975315
1745484977042062
1745484977108697
1745484977175315
1745484977242212
1745484977308705
1745484977375347
1745484977442254
1745484977508718
1745484977575479
1745484977642118
1745484977708741
1745484977775498
1745484977842128
1745484977908758
1745484977975514
1745484978042145
1745484978108768
1745484978175637
1745484978242157
1745484978308781
1745484978375664
1745484978442171
1745484978508933
1745484978575554
1745484978642189
1745484978708941
1745484978775648
1745484978842207
1745484978908956
1745484978975586
1745484979042229
1745484979109100
1745484979175607
1745484979242241
1745484979309121
1745484979375614
1745484979442246
1745484979509128
1745484979575633
1745484979642398
1745484979709141
1745484979775724
1745484979842405
1745484979909024
1745484979975660
1745484980042426
1745484980109087
1745484980175670
1745484980242558
1745484980309059
1745484980375688
1745484980442566
1745484980509080
1745484980575832
1745484980642473
1745484980709099
1745484980775845
1745484980842483
1745484980909139
1745484980975866
1745484981042502
1745484981109130
1745484981176006
1745484981242518
1745484981309137
1745484981376012
1745484981442520
1745484981509183
1745484981576032
1745484981642540
1745484981709306
1745484981775934
1745484981842560
1745484981909327
1745484981975950
1745484982042566
1745484982109343
1745484982175948
1745484982242603
1745484982309471
1745484982375969
1745484982442597
1745484982509481
1745484982575980
1745484982642740
1745484982709447
1745484982776010
1745484982842866
1745484982909494
1745484982976107
1745484983042777
1745484983109404
1745484983176034
1745484983242926
1745484983309416
1745484983376051
1745484983442933
1745484983509427
1745484983576059
1745484983642953
1745484983709449
1745484983776207
1745484983842838
1745484983909463
1745484983976231
1745484984042858
1745484984109484
1745484984176362
1745484984242955
1745484984309497
1745484984376381
1745484984442889
1745484984509512
1745484984576399
1745484984642906
1745484984709646
1745484984776285
1745484984842917
1745484984909670
1745484984976296
1745484985042934
1745484985109683
1745484985176335
1745484985242956
1745484985309820
1745484985376331
1745484985442961
1745484985509838
1745484985576337
1745484985643114
1745484985709732
1745484985776355
1745484985843119
1745484985909754
1745484985976473
1745484986043142
1745484986109768
1745484986176395
1745484986243274
1745484986309779
1745484986376409
1745484986443298
1745484986509891
1745484986576522
1745484986643396
1745484986709820
1745484986776574
1745484986843205
1745484986909832
1745484986976578
1745484987043223
1745484987109840
1745484987176687
1745484987243229
1745484987309863
1745484987376743
1745484987443256
1745484987509881
1745484987576787
1745484987643262
1745484987710011
1745484987776642
1745484987843275
1745484987910044
1745484987976673
1745484988043302
1745484988110126
1745484988176680
1745484988243313
1745484988310192
1745484988376732
1745484988443321
1745484988510211
1745484988576803
1745484988643420
1745484988710332
1745484988776811
1745484988843565
1745484988910120
1745484988976837
1745484989043501
1745484989110133
1745484989176766
1745484989243515
1745484989310246
1745484989376774
1745484989443662
1745484989510167
1745484989576799
1745484989643665
1745484989710181
1745484989776932
1745484989843638
1745484989910264
1745484989976958
1745484990043678
1745484990110286
1745484990177049
1745484990243672
1745484990310312
1745484990377188
1745484990443706
1745484990510338
1745484990577197
1745484990643720
1745484990710375
1745484990777224
1745484990843738
1745484990910399
1745484990977014
1745484991043657
1745484991110413
1745484991177037
1745484991243748
1745484991310567
1745484991377063
1745484991443699
1745484991510574
1745484991577086
1745484991643704
1745484991710590
1745484991777089
1745484991843844
1745484991910489
1745484991977120
1745484992043861
1745484992110491
1745484992177111
1745484992243876
1745484992310519
1745484992377130
1745484992444018
1745484992510540
1745484992577152
1745484992644027
1745484992710547
1745484992777290
1745484992843923
1745484992910565
1745484992977311
1745484993043963
1745484993110579
1745484993177332
1745484993243961
1745484993310600
1745484993377482
1745484993443986
1745484993510618
1745484993577485
1745484993643995
1745484993710623
1745484993777515
1745484993844025
1745484993910854
1745484993977485
1745484994044045
1745484994110796
1745484994177414
1745484994244057
1745484994310806
1745484994377429
1745484994444063
1745484994510944
1745484994577465
1745484994644073
1745484994710963
1745484994777466
1745484994844228
1745484994910856
1745484994977478
1745484995044253
1745484995110864
1745484995177499
1745484995244249
1745484995310887
1745484995377513
1745484995444400
1745484995510900
1745484995577529
1745484995644404
1745484995710917
1745484995777556
1745484995844425
1745484995910928
1745484995977690
1745484996044318
1745484996110949
1745484996177700
1745484996244369
1745484996310976
1745484996377732
1745484996444375
1745484996510974
1745484996577876
1745484996644374
1745484996711006
1745484996777890
1745484996844423
1745484996911152
1745484996977769
1745484997044441
1745484997111162
1745484997177794
1745484997244419
1745484997311174
1745484997377808
1745484997444442
1745484997511320
1745484997577821
1745484997644489
1745484997711332
1745484997777838
1745484997844470
1745484997911353
1745484997977852
1745484998044615
1745484998111238
1745484998177879
1745484998244645
1745484998311256
1745484998377894
1745484998444770
1745484998511273
1745484998577910
1745484998644787
1745484998711288
1745484998777930
1745484998844804
1745484998911311
1745484998978071
1745484999044697
1745484999111317
1745484999178082
1745484999244712
1745484999311346
1745484999378109
1745484999444735
1745484999511359
1745484999578240
1745484999644738
1745484999711374
1745484999778261
1745484999844758
1745484999911514
1745484999978150
1745485000044774
1745485000111532
1745485000178164
1745485000244797
1745485000311548
1745485000378188
1745485000444813
1745485000511692
1745485000578205
1745485000644828
1745485000711707
1745485000778226
1745485000844846
1745485000911717
1745485000978239
1745485001044989
1745485001111615
1745485001178251
1745485001245010
1745485001311637
1745485001378273
1745485001445018
1745485001511650
1745485001578277
1745485001645162
1745485001711677
1745485001778304
1745485001845178
1745485001911686
1745485001978448
1745485002045084
1745485002111706
1745485002178453
1745485002245095
1745485002311720
1745485002378480
1745485002445114
1745485002511743
1745485002578620
1745485002645132
1745485002711757
1745485002778643
1745485002845143
1745485002911775
1745485002978660
1745485003045174
1745485003111923
1745485003178647
1745485003245176
1745485003311942
1745485003378564
1745485003445197
1745485003511948
1745485003578588
1745485003645213
1745485003712094
1745485003778606
1745485003845218
1745485003912111
1745485003978609
1745485004045374
1745485004111999
1745485004178642
1745485004245391
1745485004312015
1745485004378649
1745485004445410
1745485004512123
1745485004578747
1745485004645645
1745485004712115
1745485004778681
1745485004845570
1745485004912107
1745485004978690
1745485005045567
1745485005112120
1745485005178829
1745485005245472
1745485005312137
1745485005378859
1745485005445489
1745485005512119
1745485005578998
1745485005645504
1745485005712182
1745485005779024
1745485005845529
1745485005912192
1745485005979037
1745485006045547
1745485006112298
1745485006178922
1745485006245556
1745485006312344
1745485006379033
1745485006445681
1745485006512443
1745485006578958
1745485006645587
1745485006712479
1745485006778975
1745485006845614
1745485006912493
1745485006978989
1745485007045754
1745485007112371
1745485007179008
1745485007245774
1745485007312395
1745485007379033
1745485007445783
1745485007512409
1745485007579039
1745485007645925
1745485007712421
1745485007779064
1745485007845952
1745485007912446
1745485007979084
1745485008045971
1745485008112475
1745485008179231
1745485008245865
1745485008312482
1745485008379238
1745485008445873
1745485008512490
1745485008579246
1745485008645883
1745485008712519
1745485008779409
1745485008845927
1745485008912526
1745485008979435
1745485009045931
1745485009112686
1745485009179323
1745485009246017
1745485009312763
1745485009379341
1745485009445953
1745485009512724
1745485009579361
1745485009645981
1745485009712844
1745485009779365
1745485009846001
1745485009912881
1745485009979388
1745485010046010
1745485010112890
1745485010179399
1745485010246154
1745485010312783
1745485010379422
1745485010446180
1745485010512804
1745485010579428
1745485010646186
1745485010712833
1745485010779458
1745485010846361
1745485010912861
1745485010979468
1745485011046352
1745485011112862
1745485011179617
1745485011246236
1745485011312879
1745485011379634
1745485011446266
1745485011512884
1745485011579649
1745485011646278
1745485011712909
1745485011779792
1745485011846288
1745485011912933
1745485011979801
1745485012046315
1745485012112945
1745485012179833
1745485012246324
1745485012313094
1745485012379725
1745485012446344
1745485012513098
1745485012579737
1745485012646359
1745485012713253
1745485012779755
1745485012846399
1745485012913262
1745485012979770
1745485013046411
1745485013113282
1745485013179823
1745485013246543
1745485013313188
1745485013379804
1745485013446564
1745485013513190
1745485013579861
1745485013646574
1745485013713204
1745485013779846
1745485013846727
1745485013913227
1745485013979937
1745485014046748
1745485014113239
1745485014180091
1745485014246636
1745485014313271
1745485014380012
1745485014446652
1745485014513291
1745485014580038
1745485014646664
1745485014713300
1745485014780177
1745485014846686
1745485014913317
1745485014980200
1745485015046706
1745485015113330
1745485015180224
1745485015246721
1745485015313485
1745485015380107
1745485015446739
1745485015513503
1745485015580116
1745485015646758
1745485015713532
1745485015780135
1745485015846776
1745485015913651
1745485015980157
1745485016046796
1745485016113668
1745485016180169
1745485016246930
1745485016313569
1745485016380191
1745485016446955
1745485016513597
1745485016580202
1745485016646980
1745485016713609
1745485016780231
1745485016847106
1745485016913613
1745485016980247
1745485017047133
1745485017113644
1745485017180264
1745485017247141
1745485017313657
1745485017380409
1745485017447035
1745485017513661
1745485017580420
1745485017647064
1745485017713690
1745485017780433
1745485017847082
1745485017913696
1745485017980585
1745485018047087
1745485018113716
1745485018180594
1745485018247110
1745485018313859
1745485018380493
1745485018447124
1745485018513876
1745485018580592
1745485018647148
1745485018713907
1745485018780537
1745485018847167
1745485018914051
1745485018980550
1745485019047203
1745485019114068
1745485019180567
1745485019247208
1745485019314091
1745485019380588
1745485019447354
1745485019513970
1745485019580599
1745485019647362
1745485019713988
1745485019780625
1745485019847503
1745485019914013
1745485019980643
1745485020047532
1745485020114035
1745485020180653
1745485020247541
1745485020314041
1745485020380801
1745485020447466
1745485020514057
1745485020580806
1745485020647464
1745485020714088
1745485020780835
1745485020847507
1745485020914101
1745485020980977
1745485021047523
1745485021114117
1745485021180993
1745485021247505
1745485021314269
1745485021380897
1745485021447545
1745485021514280
1745485021580908
1745485021647546
1745485021714297
1745485021780926
1745485021847573
1745485021914436
1745485021980938
1745485022047617
1745485022114459
1745485022180960
1745485022247627
1745485022314484
1745485022380983
1745485022447780
1745485022514375
1745485022581006
1745485022647803
1745485022714397
1745485022781023
1745485022847811
1745485022914407
1745485022981044
1745485023047924
1745485023114414
1745485023181049
1745485023247932
1745485023314436
1745485023381193
1745485023447823
1745485023514464
1745485023581220
1745485023647845
1745485023714477
1745485023781233
1745485023847864
1745485023914494
1745485023981387
1745485024047890
1745485024114517
1745485024181394
1745485024247900
1745485024314534
1745485024381415
1745485024447918
1745485024514689
1745485024581308
1745485024647935
1745485024714686
1745485024781336
1745485024847950
1745485024914705
1745485024981361
1745485025047972
1745485025114855
1745485025181364
1745485025248093
1745485025314955
1745485025381391
1745485025448142
1745485025514770
1745485025581391
1745485025648154
1745485025714778
1745485025781415
1745485025848171
1745485025914814
1745485025981438
1745485026048320
1745485026114821
1745485026181457
1745485026248338
1745485026314845
1745485026381482
1745485026448362
1745485026514855
1745485026581615
1745485026648252
1745485026714886
1745485026781633
1745485026848263
1745485026914895
1745485026981779
1745485027048290
1745485027114915
1745485027181787
1745485027248308
1745485027314934
1745485027381822
1745485027448332
1745485027515082
1745485027581705
1745485027648344
1745485027715102
1745485027781723
1745485027848356
1745485027915114
1745485027981744
1745485028048378
1745485028115260
1745485028181759
1745485028248393
1745485028315317
1745485028381781
1745485028448533
1745485028515191
1745485028581802
1745485028648552
1745485028715218
1745485028781837
1745485028848584
1745485028915247
1745485028981838
1745485029048729
1745485029115262
1745485029181859
1745485029248740
1745485029315250
1745485029381882
1745485029448759
1745485029515290
1745485029582012
1745485029648645
1745485029715321
1745485029782036
1745485029848662
1745485029915350
1745485029982060
1745485030048689
1745485030115316
1745485030182214
1745485030248698
1745485030315350
1745485030382225
1745485030448727
1745485030515486
1745485030582116
1745485030648743
1745485030715494
1745485030782134
1745485030848774
1745485030915517
1745485030982154
1745485031048790
1745485031115661
1745485031182177
1745485031248793
1745485031315681
1745485031382182
1745485031448819
1745485031515701
1745485031582206
1745485031648963
1745485031715592
1745485031782219
1745485031848977
1745485031915611
1745485031982244
1745485032049006
1745485032115622
1745485032182253
1745485032249149
1745485032315638
1745485032382272
1745485032449154
1745485032515656
1745485032582409
1745485032649050
1745485032715688
1745485032782456
1745485032849075
1745485032915699
1745485032982468
1745485033049102
1745485033115720
1745485033182602
1745485033249116
1745485033315753
1745485033382634
1745485033449150
1745485033515756
1745485033582640
1745485033649149
1745485033715900
1745485033782542
1745485033849169
1745485033915916
1745485033982566
1745485034049192
1745485034115943
1745485034182574
1745485034249210
1745485034316078
1745485034382596
1745485034449238
1745485034516092
1745485034582609
1745485034649367
1745485034715994
1745485034782632
1745485034849390
1745485034916018
1745485034982666
1745485035049405
1745485035116038
1745485035182673
1745485035249542
1745485035316051
1745485035382676
1745485035449556
1745485035516070
1745485035582708
1745485035649578
1745485035716082
1745485035782842
1745485035849474
1745485035916115
1745485035982869
1745485036049500
1745485036116125
1745485036183016
1745485036249517
1745485036316148
1745485036383039
1745485036449547
1745485036516172
1745485036583056
1745485036649556
1745485036716308
1745485036782949
1745485036849581
1745485036916322
1745485036982961
1745485037049595
1745485037116353
1745485037182988
1745485037249613
1745485037316515
1745485037382998
1745485037449620
1745485037516507
1745485037583025
1745485037649761
1745485037716416
1745485037783080
1745485037849803
1745485037916427
1745485037983049
1745485038049832
1745485038116446
1745485038183075
1745485038249952
1745485038316455
1745485038383097
1745485038449979
1745485038516485
1745485038583114
1745485038649991
1745485038716498
1745485038783276
1745485038849876
1745485038916517
1745485038983290
1745485039049914
1745485039116540
1745485039183304
1745485039249939
1745485039316556
1745485039383447
1745485039449937
1745485039516597
1745485039583457
1745485039649970
1745485039716729
1745485039783349
1745485039849991
1745485039916752
1745485039983365
1745485040050006
1745485040116756
1745485040183388
1745485040250024
1745485040316917
1745485040383419
1745485040450039
1745485040516936
1745485040583428
1745485040650072
1745485040716956
1745485040783449
1745485040850210
1745485040916832
1745485040983471
1745485041050245
1745485041116859
1745485041183483
1745485041250247
1745485041316874
1745485041383499
1745485041450402
1745485041516893
1745485041583518
1745485041650420
1745485041716921
1745485041783670
1745485041850296
1745485041916930
1745485041983679
1745485042050320
1745485042116954
1745485042183705
1745485042250340
1745485042316972
1745485042383850
1745485042450361
1745485042516994
1745485042583861
1745485042650383
1745485042717024
1745485042783901
1745485042850389
1745485042917148
1745485042983783
1745485043050494
1745485043117175
1745485043183805
1745485043250427
1745485043317318
1745485043383814
1745485043450453
1745485043517331
1745485043583838
1745485043650473
1745485043717368
1745485043783861
1745485043850620
1745485043917254
1745485043983877
1745485044050644
1745485044117275
1745485044183901
1745485044250661
1745485044317298
1745485044383923
1745485044450842
1745485044517301
1745485044583944
1745485044650816
1745485044717322
1745485044784073
1745485044850712
1745485044917354
1745485044984104
1745485045050729
1745485045117355
1745485045184193
1745485045250793
1745485045317466
1745485045384276
1745485045450773
1745485045517403
1745485045584281
1745485045650821
1745485045717418
1745485045784300
1745485045850851
1745485045917572
1745485045984205
1745485046050835
1745485046117591
1745485046184223
1745485046250851
1745485046317614
1745485046384240
1745485046450905
1745485046517749
1745485046584261
1745485046650893
1745485046717764
1745485046784268
1745485046851039
1745485046917654
1745485046984286
1745485047051055
1745485047117678
1745485047184310
1745485047251073
1745485047317702
1745485047384326
1745485047451226
1745485047517712
1745485047584340
1745485047651250
1745485047717731
1745485047784366
1745485047851260
1745485047917748
1745485047984522
1745485048051148
1745485048117787
1745485048184537
1745485048251163
1745485048317802
1745485048384557
1745485048451184
1745485048517810
1745485048584699
1745485048651197
1745485048717837
1745485048784724
1745485048851215
1745485048917992
1745485048984618
1745485049051257
1745485049118009
1745485049184649
1745485049251265
1745485049318026
1745485049384661
1745485049451280
1745485049518168
1745485049584672
1745485049651316
1745485049718187
1745485049784690
1745485049851328
1745485049918213
1745485049984718
1745485050051472
1745485050118120
1745485050184731
1745485050251489
1745485050318115
1745485050384762
1745485050451627
1745485050518141
1745485050584775
1745485050651662
1745485050718158
1745485050784796
1745485050851669
1745485050918180
1745485050984946
1745485051051567
1745485051118188
1745485051184954
1745485051251584
1745485051318214
1745485051384970
1745485051451597
1745485051518235
1745485051585122
1745485051651622
1745485051718255
1745485051785134
1745485051851645
1745485051918399
1745485051985033
1745485052051669
1745485052118418
1745485052185049
1745485052251681
1745485052318441
1745485052385069
1745485052451695
1745485052518589
1745485052585100
1745485052651733
1745485052718648
1745485052785114
1745485052851744
1745485052918723
1745485052985148
1745485053051970
1745485053118635
1745485053185230
1745485053252009
1745485053318542
1745485053385172
1745485053451930
1745485053518592
1745485053585183
1745485053652157
1745485053718620
1745485053785213
1745485053852090
1745485053918633
1745485053985358
1745485054051992
1745485054118621
1745485054185374
1745485054252000
1745485054318744
1745485054385521
1745485054452159
1745485054518664
1745485054585631
1745485054652152
1745485054718792
1745485054785557
1745485054852067
1745485054918736
1745485054985563
1745485055052095
1745485055118844
1745485055185464
1745485055252122
1745485055318952
1745485055385563
1745485055452208
1745485055518955
1745485055585511
1745485055652135
1745485055719017
1745485055785531
1745485055852165
1745485055919037
1745485055985543
1745485056052318
1745485056118938
1745485056185577
1745485056252334
1745485056318952
1745485056385591
1745485056452340
1745485056519041
1745485056585684
1745485056652505
1745485056719072
1745485056785637
1745485056852520
1745485056919023
1745485056985658
1745485057052533
1745485057119041
1745485057185791
1745485057252432
1745485057319062
1745485057385830
1745485057452449
1745485057519079
1745485057585845
1745485057652468
1745485057719112
1745485057785974
1745485057852496
1745485057919127
1745485057986002
1745485058052600
1745485058119270
1745485058185893
1745485058252540
1745485058319287
1745485058385998
1745485058452648
1745485058519301
1745485058585943
1745485058652577
1745485058719453
1745485058785966
1745485058852592
1745485058919468
1745485058985975
1745485059052606
1745485059119491
1745485059185990
1745485059252739
1745485059319380
1745485059386009
1745485059452854
1745485059519414
1745485059586029
1745485059652918
1745485059719428
1745485059786053
1745485059852929
1745485059919443
1745485059986083
1745485060052953
1745485060119464
1745485060186224
1745485060252850
1745485060319481
1745485060386243
1745485060452868
1745485060519504
1745485060586258
1745485060652888
1745485060719522
1745485060786407
1745485060852917
1745485060919533
1745485060986436
1745485061052937
1745485061119689
1745485061186326
1745485061252945
1745485061319697
1745485061386347
1745485061452974
1745485061519716
1745485061586391
1745485061652982
1745485061719863
1745485061786401
1745485061853046
1745485061919887
1745485061986468
1745485062053042
1745485062119923
1745485062186412
1745485062253183
1745485062319821
1745485062386477
1745485062453194
1745485062519839
1745485062586457
1745485062653216
1745485062719846
1745485062786495
1745485062853366
1745485062919876
1745485062986507
1745485063053402
1745485063119896
1745485063186655
1745485063253296
1745485063319912
1745485063386682
1745485063453301
1745485063519929
1745485063586690
1745485063653323
1745485063720023
1745485063786834
1745485063853345
1745485063919965
1745485063986846
1745485064053362
1745485064119991
1745485064186870
1745485064253389
1745485064320135
1745485064386790
1745485064453395
1745485064520167
1745485064586793
1745485064653431
1745485064720183
1745485064786804
1745485064853448
1745485064920315
1745485064986812
1745485065053449
1745485065120335
1745485065186843
1745485065253600
1745485065320247
1745485065386851
1745485065453618
1745485065520350
1745485065587027
1745485065653647
1745485065720278
1745485065786905
1745485065853790
1745485065920305
1745485065986924
1745485066053816
1745485066120323
1745485066186941
1745485066253827
1745485066320337
1745485066387090
1745485066453730
1745485066520359
1745485066587110
1745485066653754
1745485066720384
1745485066787252
1745485066853763
1745485066920400
1745485066987281
1745485067053797
1745485067120429
1745485067187294
1745485067253801
1745485067320575
1745485067387280
1745485067453930
1745485067520673
1745485067587295
1745485067653937
1745485067720618
1745485067787228
1745485067853861
1745485067920748
1745485067987253
1745485068053888
1745485068120768
1745485068187274
1745485068253907
1745485068320786
1745485068387298
1745485068454053
1745485068520681
1745485068587314
1745485068654078
1745485068720698
1745485068787347
1745485068854214
1745485068920727
1745485068987352
1745485069054250
1745485069120756
1745485069187377
1745485069254260
1745485069320764
1745485069387518
1745485069454200
1745485069520789
1745485069587542
1745485069654166
1745485069720813
1745485069787561
1745485069854188
1745485069920836
1745485069987711
1745485070054249
1745485070120854
1745485070187733
1745485070254327
1745485070320993
1745485070387617
1745485070454267
1745485070521012
1745485070587652
1745485070654285
1745485070721028
1745485070787659
1745485070854299
1745485070921185
1745485070987682
1745485071054325
1745485071121197
1745485071187704
1745485071254376
1745485071321226
1745485071387727
1745485071454485
1745485071521113
1745485071587749
1745485071654539
1745485071721139
1745485071787760
1745485071854520
1745485071921150
1745485071987783
1745485072054666
1745485072121170
1745485072187800
1745485072254691
1745485072321194
1745485072387958
1745485072454588
1745485072521217
1745485072587990
1745485072654602
1745485072721236
1745485072787995
1745485072854625
1745485072921262
1745485072988135
1745485073054724
1745485073121287
1745485073188170
1745485073254668
1745485073321299
1745485073388187
1745485073454692
1745485073521448
1745485073588077
1745485073654711
1745485073721469
1745485073788099
1745485073854724
